1100011000111001
0010100001000110
0111000001001110
1011111001010110
0011000101100111
0011000101000110
1100111000111001


0011100111000110
0100011000101000
0100111001110000
0101011010111110
0110011100110001
0100011000110001
0011100111001110

0 00010 11111 00110
0 00110 10000 01000
0 01010 11110 10000
0 10010 00001 11110
0 11111 00001 10001
0 00010 10001 10001
0 00010 01110 01110


0 00100 01110 11111
0 01100 10001 00010
0 00100 00001 00100
0 00100 00010 00010
0 00100 00100 00001
0 00100 01000 10001
0 01110 11111 01110


-------------------------------------------------------

with 8 line 

0 00010 11111 00110
0 00110 10000 01000
0 01010 11110 10000
0 10010 00001 11110
0 11111 00001 10001
0 00010 10001 10001
0 00010 01110 01110
0 00000 00000 00000
